0.586477   0.910590   0.277786   0.751616   0.405817   0.561348   0.573971   0.733333   0.135672   0.245594   0.691911   0.941903   0.559702   0.906269   0.660068   0.756702   
0.885719   0.281884   0.615988   0.902906   0.147843   0.799118   0.777901   0.176398   0.717513   0.234065   0.923491   0.110250   0.972642   0.186805   0.625486   0.543120   
0.224411   0.681447   0.085240   0.634581   0.395008   0.895829   0.197886   0.862254   0.905118   0.318894   0.657006   0.298269   0.007913   0.999214   0.788040   0.587551   
0.965022   0.118196   0.512438   0.552947   0.383851   0.390054   0.641229   0.142804   0.103919   0.562155   0.146406   0.644767   0.596186   0.093824   0.905660   0.430119   
0.003829   0.346209   0.731995   0.633992   0.503988   0.518409   0.902458   0.614978   0.941106   0.166499   0.341722   0.317038   0.455142   0.574474   0.177994   0.540617   
0.143847   0.642906   0.323838   0.740709   0.094209   0.368433   0.257896   0.455132   0.406997   0.400865   0.342327   0.489674   0.956793   0.816209   0.032967   0.068133   
0.104645   0.764616   0.894176   0.416051   0.573424   0.533734   0.464146   0.902356   0.890540   0.299480   0.356622   0.747604   0.982248   0.644904   0.904871   0.162873   
0.408444   0.715234   0.945658   0.678665   0.329243   0.579092   0.792152   0.706397   0.413293   0.211742   0.746625   0.524239   0.882520   0.517669   0.469652   0.447028   
0.193979   0.198578   0.496481   0.351780   0.365761   0.341416   0.172906   0.034676   0.797091   0.701983   0.225276   0.211939   0.063471   0.765005   0.440488   0.278179   
0.355937   0.226030   0.890509   0.781045   0.030460   0.939851   0.080209   0.077564   0.610450   0.833406   0.051869   0.762719   0.018845   0.734048   0.149924   0.772634   
0.666407   0.300768   0.013086   0.934242   0.803374   0.304702   0.119023   0.411749   0.271640   0.456252   0.219695   0.411417   0.680396   0.413486   0.465860   0.712019   
0.905549   0.562223   0.274546   0.290777   0.080959   0.675741   0.171864   0.520991   0.297077   0.979687   0.591710   0.876170   0.794449   0.310777   0.233239   0.046422   
0.221951   0.330567   0.840839   0.979787   0.287536   0.615643   0.111268   0.080013   0.771009   0.341875   0.896437   0.416283   0.465352   0.171173   0.901188   0.274559   
0.513429   0.199494   0.891552   0.309467   0.216128   0.466969   0.351973   0.614041   0.179620   0.872646   0.561380   0.109608   0.179554   0.763923   0.260622   0.281639   
0.508615   0.293235   0.407491   0.706083   0.138500   0.767903   0.138388   0.884275   0.018151   0.062146   0.480350   0.241747   0.040262   0.684650   0.916800   0.663583   
0.834684   0.534079   0.260504   0.287472   0.548658   0.301535   0.895227   0.081223   0.118864   0.752646   0.729665   0.480772   0.333572   0.349299   0.669331   0.440592   
0.031928   0.606579   0.777838   0.129370   0.329139   0.842851   0.791542   0.443695   0.174776   0.463958   0.745934   0.911355   0.139407   0.006517   0.524152   0.428647   
0.268917   0.691369   0.846621   0.155354   0.026370   0.206305   0.368786   0.189634   0.180908   0.525979   0.132902   0.688605   0.379299   0.871180   0.925824   0.326989   
0.703745   0.848710   0.263084   0.656405   0.206346   0.055472   0.315166   0.991878   0.488554   0.130313   0.167613   0.073925   0.461438   0.392472   0.281679   0.176024   
0.441195   0.162552   0.013383   0.930205   0.950435   0.962125   0.430736   0.377751   0.868233   0.387012   0.511708   0.272082   0.890520   0.964652   0.906970   0.440710   
